0.000000000000000000e+00 3.410000000000000000e+02 3.330000000000000000e+02 6.150000000000000000e+02 6.820000000000000000e+02 6.530000000000000000e+02 1.000000000000000000e+00 0.000000000000000000e+00 0.000000000000000000e+00 0.000000000000000000e+00 0.000000000000000000e+00 0.000000000000000000e+00 1.100000000000000000e+01 7.000000000000000000e+00 9.000000000000000000e+00 0.000000000000000000e+00 0.000000000000000000e+00 0.000000000000000000e+00
3.210000000000000000e+02 0.000000000000000000e+00 3.420000000000000000e+02 6.400000000000000000e+02 6.800000000000000000e+02 6.570000000000000000e+02 1.000000000000000000e+00 0.000000000000000000e+00 1.000000000000000000e+00 0.000000000000000000e+00 0.000000000000000000e+00 0.000000000000000000e+00 7.000000000000000000e+00 4.000000000000000000e+00 5.000000000000000000e+00 0.000000000000000000e+00 0.000000000000000000e+00 0.000000000000000000e+00
3.240000000000000000e+02 3.530000000000000000e+02 0.000000000000000000e+00 6.670000000000000000e+02 6.350000000000000000e+02 6.610000000000000000e+02 1.000000000000000000e+00 0.000000000000000000e+00 1.000000000000000000e+00 0.000000000000000000e+00 0.000000000000000000e+00 0.000000000000000000e+00 9.000000000000000000e+00 7.000000000000000000e+00 9.000000000000000000e+00 0.000000000000000000e+00 0.000000000000000000e+00 0.000000000000000000e+00
3.400000000000000000e+01 2.900000000000000000e+01 3.000000000000000000e+01 0.000000000000000000e+00 3.530000000000000000e+02 3.200000000000000000e+02 1.000000000000000000e+00 0.000000000000000000e+00 1.000000000000000000e+00 0.000000000000000000e+00 0.000000000000000000e+00 0.000000000000000000e+00 0.000000000000000000e+00 0.000000000000000000e+00 1.000000000000000000e+00 0.000000000000000000e+00 0.000000000000000000e+00 0.000000000000000000e+00
3.200000000000000000e+01 2.600000000000000000e+01 3.200000000000000000e+01 3.730000000000000000e+02 0.000000000000000000e+00 3.380000000000000000e+02 1.000000000000000000e+00 1.000000000000000000e+00 1.000000000000000000e+00 0.000000000000000000e+00 0.000000000000000000e+00 0.000000000000000000e+00 0.000000000000000000e+00 1.000000000000000000e+00 1.000000000000000000e+00 0.000000000000000000e+00 0.000000000000000000e+00 0.000000000000000000e+00
2.800000000000000000e+01 3.400000000000000000e+01 2.800000000000000000e+01 3.390000000000000000e+02 3.430000000000000000e+02 0.000000000000000000e+00 2.000000000000000000e+00 0.000000000000000000e+00 0.000000000000000000e+00 0.000000000000000000e+00 0.000000000000000000e+00 0.000000000000000000e+00 0.000000000000000000e+00 2.000000000000000000e+00 0.000000000000000000e+00 0.000000000000000000e+00 0.000000000000000000e+00 0.000000000000000000e+00
7.280000000000000000e+02 6.960000000000000000e+02 7.160000000000000000e+02 6.680000000000000000e+02 6.710000000000000000e+02 6.990000000000000000e+02 0.000000000000000000e+00 3.370000000000000000e+02 3.570000000000000000e+02 5.110000000000000000e+02 5.210000000000000000e+02 4.820000000000000000e+02 6.130000000000000000e+02 6.170000000000000000e+02 6.120000000000000000e+02 0.000000000000000000e+00 0.000000000000000000e+00 0.000000000000000000e+00
7.220000000000000000e+02 6.680000000000000000e+02 6.880000000000000000e+02 6.780000000000000000e+02 7.030000000000000000e+02 7.130000000000000000e+02 3.760000000000000000e+02 0.000000000000000000e+00 3.540000000000000000e+02 5.120000000000000000e+02 5.170000000000000000e+02 4.870000000000000000e+02 6.180000000000000000e+02 6.220000000000000000e+02 6.510000000000000000e+02 0.000000000000000000e+00 0.000000000000000000e+00 0.000000000000000000e+00
6.830000000000000000e+02 6.960000000000000000e+02 7.380000000000000000e+02 6.690000000000000000e+02 7.080000000000000000e+02 7.080000000000000000e+02 3.330000000000000000e+02 3.390000000000000000e+02 0.000000000000000000e+00 5.160000000000000000e+02 5.000000000000000000e+02 4.990000000000000000e+02 7.080000000000000000e+02 6.470000000000000000e+02 6.240000000000000000e+02 0.000000000000000000e+00 0.000000000000000000e+00 0.000000000000000000e+00
6.600000000000000000e+02 6.980000000000000000e+02 6.620000000000000000e+02 7.020000000000000000e+02 7.140000000000000000e+02 6.780000000000000000e+02 1.920000000000000000e+02 1.830000000000000000e+02 1.500000000000000000e+02 0.000000000000000000e+00 3.280000000000000000e+02 3.410000000000000000e+02 5.110000000000000000e+02 4.670000000000000000e+02 4.960000000000000000e+02 0.000000000000000000e+00 0.000000000000000000e+00 0.000000000000000000e+00
6.470000000000000000e+02 7.080000000000000000e+02 7.200000000000000000e+02 6.690000000000000000e+02 6.730000000000000000e+02 6.740000000000000000e+02 1.870000000000000000e+02 1.610000000000000000e+02 1.780000000000000000e+02 2.970000000000000000e+02 0.000000000000000000e+00 3.010000000000000000e+02 4.820000000000000000e+02 4.790000000000000000e+02 4.670000000000000000e+02 0.000000000000000000e+00 0.000000000000000000e+00 0.000000000000000000e+00
6.590000000000000000e+02 7.180000000000000000e+02 6.860000000000000000e+02 7.090000000000000000e+02 7.070000000000000000e+02 6.790000000000000000e+02 1.660000000000000000e+02 1.840000000000000000e+02 1.740000000000000000e+02 3.320000000000000000e+02 3.360000000000000000e+02 0.000000000000000000e+00 5.280000000000000000e+02 4.740000000000000000e+02 4.990000000000000000e+02 0.000000000000000000e+00 0.000000000000000000e+00 0.000000000000000000e+00
6.780000000000000000e+02 6.830000000000000000e+02 6.640000000000000000e+02 7.350000000000000000e+02 6.780000000000000000e+02 7.560000000000000000e+02 4.800000000000000000e+01 5.700000000000000000e+01 5.400000000000000000e+01 1.790000000000000000e+02 1.740000000000000000e+02 1.610000000000000000e+02 0.000000000000000000e+00 3.100000000000000000e+02 3.230000000000000000e+02 0.000000000000000000e+00 0.000000000000000000e+00 0.000000000000000000e+00
6.620000000000000000e+02 6.550000000000000000e+02 6.490000000000000000e+02 7.300000000000000000e+02 7.340000000000000000e+02 6.240000000000000000e+02 6.100000000000000000e+01 5.800000000000000000e+01 4.500000000000000000e+01 1.770000000000000000e+02 1.680000000000000000e+02 1.580000000000000000e+02 3.030000000000000000e+02 0.000000000000000000e+00 2.840000000000000000e+02 0.000000000000000000e+00 0.000000000000000000e+00 0.000000000000000000e+00
6.610000000000000000e+02 7.060000000000000000e+02 7.080000000000000000e+02 6.960000000000000000e+02 6.860000000000000000e+02 7.320000000000000000e+02 5.100000000000000000e+01 4.000000000000000000e+01 4.700000000000000000e+01 1.700000000000000000e+02 1.740000000000000000e+02 1.640000000000000000e+02 3.330000000000000000e+02 3.170000000000000000e+02 0.000000000000000000e+00 0.000000000000000000e+00 0.000000000000000000e+00 0.000000000000000000e+00
7.090000000000000000e+02 6.320000000000000000e+02 6.870000000000000000e+02 7.000000000000000000e+02 6.860000000000000000e+02 7.310000000000000000e+02 7.050000000000000000e+02 6.980000000000000000e+02 6.850000000000000000e+02 6.770000000000000000e+02 6.790000000000000000e+02 6.760000000000000000e+02 7.050000000000000000e+02 7.260000000000000000e+02 7.290000000000000000e+02 0.000000000000000000e+00 3.500000000000000000e+02 3.540000000000000000e+02
6.830000000000000000e+02 7.160000000000000000e+02 6.940000000000000000e+02 7.100000000000000000e+02 6.900000000000000000e+02 6.930000000000000000e+02 7.370000000000000000e+02 7.220000000000000000e+02 7.220000000000000000e+02 6.210000000000000000e+02 6.950000000000000000e+02 6.880000000000000000e+02 7.100000000000000000e+02 7.240000000000000000e+02 7.060000000000000000e+02 3.720000000000000000e+02 0.000000000000000000e+00 3.690000000000000000e+02
7.390000000000000000e+02 7.150000000000000000e+02 7.260000000000000000e+02 7.080000000000000000e+02 7.050000000000000000e+02 6.910000000000000000e+02 7.410000000000000000e+02 6.890000000000000000e+02 6.990000000000000000e+02 7.170000000000000000e+02 7.220000000000000000e+02 7.100000000000000000e+02 6.890000000000000000e+02 6.810000000000000000e+02 7.100000000000000000e+02 3.620000000000000000e+02 3.690000000000000000e+02 0.000000000000000000e+00
