0.000000000000000000e+00 4.550000000000000000e+02 4.220000000000000000e+02 4.690000000000000000e+02 4.550000000000000000e+02 4.480000000000000000e+02 3.050000000000000000e+02 3.040000000000000000e+02 3.380000000000000000e+02 0.000000000000000000e+00 0.000000000000000000e+00 0.000000000000000000e+00 0.000000000000000000e+00 0.000000000000000000e+00 0.000000000000000000e+00 0.000000000000000000e+00 0.000000000000000000e+00 0.000000000000000000e+00
4.100000000000000000e+02 0.000000000000000000e+00 4.200000000000000000e+02 4.510000000000000000e+02 4.960000000000000000e+02 4.130000000000000000e+02 3.230000000000000000e+02 3.030000000000000000e+02 3.310000000000000000e+02 0.000000000000000000e+00 0.000000000000000000e+00 0.000000000000000000e+00 0.000000000000000000e+00 0.000000000000000000e+00 0.000000000000000000e+00 0.000000000000000000e+00 0.000000000000000000e+00 0.000000000000000000e+00
4.440000000000000000e+02 4.300000000000000000e+02 0.000000000000000000e+00 4.780000000000000000e+02 4.250000000000000000e+02 4.580000000000000000e+02 3.100000000000000000e+02 3.570000000000000000e+02 3.180000000000000000e+02 0.000000000000000000e+00 0.000000000000000000e+00 0.000000000000000000e+00 0.000000000000000000e+00 0.000000000000000000e+00 0.000000000000000000e+00 0.000000000000000000e+00 0.000000000000000000e+00 0.000000000000000000e+00
4.330000000000000000e+02 4.200000000000000000e+02 4.480000000000000000e+02 0.000000000000000000e+00 4.640000000000000000e+02 4.550000000000000000e+02 4.270000000000000000e+02 4.630000000000000000e+02 4.350000000000000000e+02 2.060000000000000000e+02 1.850000000000000000e+02 1.880000000000000000e+02 1.400000000000000000e+02 1.450000000000000000e+02 1.160000000000000000e+02 2.480000000000000000e+02 2.700000000000000000e+02 2.750000000000000000e+02
4.620000000000000000e+02 4.410000000000000000e+02 4.480000000000000000e+02 4.820000000000000000e+02 0.000000000000000000e+00 3.850000000000000000e+02 4.370000000000000000e+02 4.610000000000000000e+02 4.300000000000000000e+02 2.150000000000000000e+02 2.020000000000000000e+02 1.880000000000000000e+02 1.480000000000000000e+02 1.410000000000000000e+02 1.470000000000000000e+02 2.760000000000000000e+02 2.890000000000000000e+02 2.800000000000000000e+02
4.920000000000000000e+02 4.320000000000000000e+02 4.390000000000000000e+02 4.710000000000000000e+02 4.530000000000000000e+02 0.000000000000000000e+00 4.230000000000000000e+02 4.320000000000000000e+02 4.330000000000000000e+02 1.930000000000000000e+02 1.990000000000000000e+02 1.950000000000000000e+02 1.350000000000000000e+02 1.450000000000000000e+02 1.180000000000000000e+02 3.020000000000000000e+02 2.700000000000000000e+02 2.550000000000000000e+02
5.090000000000000000e+02 5.120000000000000000e+02 5.760000000000000000e+02 3.970000000000000000e+02 4.470000000000000000e+02 4.660000000000000000e+02 0.000000000000000000e+00 4.430000000000000000e+02 4.710000000000000000e+02 0.000000000000000000e+00 0.000000000000000000e+00 0.000000000000000000e+00 0.000000000000000000e+00 0.000000000000000000e+00 0.000000000000000000e+00 0.000000000000000000e+00 0.000000000000000000e+00 0.000000000000000000e+00
5.700000000000000000e+02 4.990000000000000000e+02 5.660000000000000000e+02 4.650000000000000000e+02 4.670000000000000000e+02 4.230000000000000000e+02 4.490000000000000000e+02 0.000000000000000000e+00 4.510000000000000000e+02 0.000000000000000000e+00 0.000000000000000000e+00 1.000000000000000000e+00 0.000000000000000000e+00 1.000000000000000000e+00 0.000000000000000000e+00 0.000000000000000000e+00 0.000000000000000000e+00 0.000000000000000000e+00
5.050000000000000000e+02 5.810000000000000000e+02 5.690000000000000000e+02 4.200000000000000000e+02 4.450000000000000000e+02 4.530000000000000000e+02 4.530000000000000000e+02 4.640000000000000000e+02 0.000000000000000000e+00 0.000000000000000000e+00 0.000000000000000000e+00 0.000000000000000000e+00 0.000000000000000000e+00 0.000000000000000000e+00 0.000000000000000000e+00 0.000000000000000000e+00 0.000000000000000000e+00 0.000000000000000000e+00
9.120000000000000000e+02 8.630000000000000000e+02 9.470000000000000000e+02 7.070000000000000000e+02 6.870000000000000000e+02 6.730000000000000000e+02 8.840000000000000000e+02 8.820000000000000000e+02 9.520000000000000000e+02 0.000000000000000000e+00 4.340000000000000000e+02 4.360000000000000000e+02 4.380000000000000000e+02 4.330000000000000000e+02 4.430000000000000000e+02 4.460000000000000000e+02 4.050000000000000000e+02 4.450000000000000000e+02
9.300000000000000000e+02 8.710000000000000000e+02 9.070000000000000000e+02 6.560000000000000000e+02 7.040000000000000000e+02 6.490000000000000000e+02 9.220000000000000000e+02 8.870000000000000000e+02 8.600000000000000000e+02 4.800000000000000000e+02 0.000000000000000000e+00 4.710000000000000000e+02 4.580000000000000000e+02 4.820000000000000000e+02 4.530000000000000000e+02 4.140000000000000000e+02 4.240000000000000000e+02 3.870000000000000000e+02
9.180000000000000000e+02 9.250000000000000000e+02 8.880000000000000000e+02 6.900000000000000000e+02 6.820000000000000000e+02 6.760000000000000000e+02 9.070000000000000000e+02 9.330000000000000000e+02 8.780000000000000000e+02 4.450000000000000000e+02 4.170000000000000000e+02 0.000000000000000000e+00 4.510000000000000000e+02 4.500000000000000000e+02 4.410000000000000000e+02 4.120000000000000000e+02 4.420000000000000000e+02 3.900000000000000000e+02
8.370000000000000000e+02 8.960000000000000000e+02 9.240000000000000000e+02 7.470000000000000000e+02 7.240000000000000000e+02 7.390000000000000000e+02 8.460000000000000000e+02 9.290000000000000000e+02 8.450000000000000000e+02 3.880000000000000000e+02 4.210000000000000000e+02 4.570000000000000000e+02 0.000000000000000000e+00 4.240000000000000000e+02 4.350000000000000000e+02 2.750000000000000000e+02 2.830000000000000000e+02 2.460000000000000000e+02
8.970000000000000000e+02 8.690000000000000000e+02 8.930000000000000000e+02 7.380000000000000000e+02 7.220000000000000000e+02 7.200000000000000000e+02 8.950000000000000000e+02 8.900000000000000000e+02 9.040000000000000000e+02 4.120000000000000000e+02 4.000000000000000000e+02 4.480000000000000000e+02 4.070000000000000000e+02 0.000000000000000000e+00 4.120000000000000000e+02 2.920000000000000000e+02 3.070000000000000000e+02 2.850000000000000000e+02
9.150000000000000000e+02 9.210000000000000000e+02 8.950000000000000000e+02 7.440000000000000000e+02 6.690000000000000000e+02 7.590000000000000000e+02 9.440000000000000000e+02 8.830000000000000000e+02 9.200000000000000000e+02 4.280000000000000000e+02 4.140000000000000000e+02 4.050000000000000000e+02 4.380000000000000000e+02 4.500000000000000000e+02 0.000000000000000000e+00 2.580000000000000000e+02 2.590000000000000000e+02 2.880000000000000000e+02
9.020000000000000000e+02 8.700000000000000000e+02 8.790000000000000000e+02 6.260000000000000000e+02 6.270000000000000000e+02 5.700000000000000000e+02 8.690000000000000000e+02 8.640000000000000000e+02 9.110000000000000000e+02 4.740000000000000000e+02 4.790000000000000000e+02 5.010000000000000000e+02 6.100000000000000000e+02 6.240000000000000000e+02 6.560000000000000000e+02 0.000000000000000000e+00 4.220000000000000000e+02 4.220000000000000000e+02
8.880000000000000000e+02 9.070000000000000000e+02 8.650000000000000000e+02 6.070000000000000000e+02 6.240000000000000000e+02 5.720000000000000000e+02 8.770000000000000000e+02 9.060000000000000000e+02 8.750000000000000000e+02 4.580000000000000000e+02 4.600000000000000000e+02 4.710000000000000000e+02 6.120000000000000000e+02 6.320000000000000000e+02 6.450000000000000000e+02 4.130000000000000000e+02 0.000000000000000000e+00 4.270000000000000000e+02
9.010000000000000000e+02 8.790000000000000000e+02 9.090000000000000000e+02 5.990000000000000000e+02 5.870000000000000000e+02 6.080000000000000000e+02 8.940000000000000000e+02 8.940000000000000000e+02 8.820000000000000000e+02 4.490000000000000000e+02 4.920000000000000000e+02 5.110000000000000000e+02 6.060000000000000000e+02 6.170000000000000000e+02 6.230000000000000000e+02 4.330000000000000000e+02 4.230000000000000000e+02 0.000000000000000000e+00
